  86 
 141 
  95 
  41 
  22 
  21 
  32 
  72 
 138 
 111 
  48 
  23 
  19 
  27 
  59 
 129 
 129 
  58 
  27 
  19 
  24 
  46 
 112 
 144 
  73 
  30 
  20 
  19 
  37 
  92 
 152 
  93 
  36 
  20 
  18 
  29 
  71 
 146 
 117 
  46 
  23 
  18 
  22 
  52 
 128 
 142 
  62 
  26 
  17 
  19 
  37 
 100 
 158 
  86 
  32 
  17 
  17 
  27 
  72 
 154 
 118 
  43 
  20 
  15 
  21 
  47 
 128 
 150 
  63 
  24 
  16 
  17 
  33 
  92 
 166 
  95 
  33 
  16 
  14 
  22 
  58 
 149 
 137 
  50 
  20 
  15 
  16 
  35 
 106 
 169 
  82 
  28 
  15 
  14 
  23 
  65 
 160 
 133 
  45 
  18 
  14 
  16 
  36 
 111 
 176 
  80 
  26 
  14 
  13 
  20 
  60 
 163 
 140 
  45 
  18 
  12 
  14 
  30 
  98 
 185 
  93 
  28 
  14 
  12 
  17 
  46 
 145 
 167 
  58 
  19 
  11 
  12 
  21 
  68 
 183 
 132 
  38 
  15 
  11 
  13 
  26 
  93 
 202 
 100 
  27 
  12 
  10 
  13 
  30 
 114 
 206 
  82 
  21 
  11 
   9 
  10 
  30 
 120 
 215 
  77 
  20 
  10 
   8 
   9 
  21 
  95 
 234 
  99 
  22 
   9 
   8 
   7 
   9 
  35 
 176 
 215 
  46 
  11 
   7 
   5 
   4 
   3 
   4 
  19 
 105 
 125 
  55 
  30 
  28 
  41 
  71 
  98 
  79 
  49 
  34 
  33 
  47 
  75 
  95 
  76 
  48 
  34 
  35 
  49 
  78 
  96 
  75 
  47 
  34 
  34 
  49 
  81 
  99 
  76 
  46 
  32 
  33 
  49 
  83 
 101 
  74 
  44 
  32 
  33 
  50 
  85 
 103 
  73 
  43 
  30 
  31 
  49 
  85 
 106 
  74 
  43 
  31 
  31 
  49 
  87 
 109 
  76 
  41 
  29 
  30 
  47 
  87 
 110 
  76 
  41 
  28 
  30 
  47 
  88 
 114 
  79 
  41 
  28 
  28 
  45 
  86 
 117 
  82 
  42 
  26 
  26 
  43 
  84 
 119 
  85 
  42 
  26 
  25 
  39 
  80 
 121 
  90 
  43 
  26 
  24 
  36 
  76 
 123 
  96 
  46 
  26 
  23 
  35 
  72 
 123 
 102 
  50 
  27 
  22 
  31 
  64 
 121 
 110 
  53 
  27 
  21 
  28 
  57 
 117 
 120 
  59 
  28 
  20 
  25 
  49 
 109 
 128 
  68 
  31 
  20 
  23 
  43 
  98 
 135 
  77 
  34 
  22 
  22 
  36 
  86 
 139 
  91 
  38 
  21 
  19 
  30 
  73 
 137 
 107 
  44 
  23 
  19 
  26 
  59 
 129 
 125 
  55 
  24 
  18 
  22 
  47 
 114 
 140 
  68 
  28 
  18 
  19 
  36 
  93 
 150 
  88 
  34 
  19 
  18 
  28 
  72 
 147 
 112 
  43 
  20 
  16 
  23 
  53 
 131 
 137 
  58 
  24 
  16 
  19 
  38 
 104 
 156 
  80 
  30 
  17 
  16 
  28 
  75 
 156 
 112 
  40 
  18 
  15 
  21 
  51 
 132 
 145 
  59 
  22 
  15 
  17 
  32 
  96 
 164 
  89 
  30 
  16 
  14 
  24 
  62 
 153 
 130 
  46 
  19 
  13 
  17 
  37 
 113 
 165 
  75 
  25 
  14 
  13 
  24 
  68 
 164 
 123 
  40 
  17 
  13 
  16 
  38 
 118 
 170 
  71 
  24 
  13 
  12 
  22 
  65 
 167 
 129 
  40 
  16 
  12 
  14 
  33 
 107 
 182 
  81 
  24 
  12 
  11 
  17 
  51 
 156 
 155 
  49 
  17 
  11 
  11 
  23 
  77 
 189 
 115 
  32 
  13 
   9 
  12 
  30 
 107 
 197 
  82 
  23 
  10 
   9 
  12 
  36 
 134 
 192 
  64 
  18 
  10 
   8 
  13 
  37 
 148 
 195 
  58 
  16 
   9 
   8 
  10 
  29 
 132 
 220 
  67 
  15 
   8 
   6 
   7 
  14 
  66 
 237 
 137 
  25 
   9 
   6 
   5 
   4 
   5 
  25 
 165 
 233 
  51 
  12 
   7 
   7 
   7 
  18 
  80 
 201 
 109 
  29 
  12 
  10 
  14 
  38 
 128 
 169 
  63 
  20 
  11 
  11 
  23 
  74 
 173 
 114 
  34 
  14 
  11 
  14 
  37 
 122 
 172 
  67 
  21 
  11 
  11 
  20 
  64 
 169 
 131 
  39 
  13 
   9 
  12 
  28 
 100 
 188 
  88 
  25 
  11 
  10 
  14 
  41 
 141 
 176 
  57 
  17 
  10 
  10 
  16 
  56 
 175 
 149 
  41 
  14 
   8 
   9 
  18 
  67 
 196 
 130 
  32 
  11 
   8 
   7 
  17 
  66 
 207 
 131 
  30 
  10 
   7 
   6 
  12 
  48 
 193 
 172 
  39 
  11 
   7 
   6 
   6 
  16 
  86 
 255 
 107 
  19 
   8 
   5 
   4 
   3 
   2 
   2 
   7 
  23 
   8 
   6 
   8 
  16 
  33 
  57 
  65 
  56 
  46 
  46 
  54 
  64 
  66 
  59 
  49 
  46 
  48 
  58 
  67 
  67 
  60 
  50 
  47 
  51 
  60 
  69 
  68 
  58 
  50 
  46 
  52 
  61 
  71 
  68 
  58 
  48 
  46 
  53 
  64 
  72 
  68 
  56 
  47 
  45 
  53 
  65 
  73 
  67 
  54 
  46 
  46 
  55 
  67 
  74 
  66 
  54 
  44 
  46 
  55 
  70 
  76 
  66 
  51 
  45 
  46 
  58 
  73 
  77 
  65 
  52 
  44 
  46 
  59 
  75 
  78 
  64 
  49 
  43 
  47 
  61 
  78 
  79 
  63 
  47 
  43 
  47 
  63 
  80 
  79 
  61 
  46 
  42 
  48 
  66 
  84 
  80 
  60 
  46 
  42 
  50 
  68 
  86 
  80 
  59 
  43 
  41 
  50 
  71 
  88 
  79 
  56 
  41 
  41 
  51 
  73 
  91 
  78 
  55 
  41 
  40 
  52 
  75 
  94 
  78 
  54 
  39 
  40 
  52 
  79 
  95 
  76 
  50 
  37 
  38 
  52 
  80 
  97 
  76 
  50 
  36 
  37 
  54 
  83 
  98 
  74 
  47 
  34 
  37 
  53 
  85 
 100 
  74 
  45 
  34 
  35 
  54 
  87 
 103 
  72 
  43 
  33 
  35 
  53 
  88 
 103 
  73 
  43 
  32 
  33 
  53 
  91 
 105 
  72 
  41 
  31 
  33 
  54 
  91 
 108 
  72 
  41 
  30 
  32 
  51 
  93 
 111 
  74 
  41 
  29 
  31 
  51 
  93 
 113 
  75 
  40 
  29 
  30 
  49 
  92 
 118 
  78 
  41 
  28 
  29 
  46 
  90 
 120 
  82 
  42 
  29 
  28 
  45 
  88 
 124 
  86 
  43 
  27 
  27 
  41 
  83 
 126 
  91 
  45 
  27 
  26 
  38 
  78 
 127 
  99 
  47 
  27 
  24 
  35 
  72 
 126 
 106 
  52 
  28 
  23 
  32 
  65 
 123 
 116 
  56 
  29 
  22 
  28 
  56 
 117 
 126 
  64 
  30 
  22 
  27 
  49 
 107 
 133 
  74 
  32 
  21 
  23 
  41 
  95 
 140 
  84 
  36 
  21 
  21 
  35 
  80 
 141 
  99 
  42 
  22 
  20 
  29 
  67 
 135 
 117 
  49 
  24 
  18 
  25 
  52 
 122 
 134 
  62 
  26 
  18 
  20 
  41 
 104 
 148 
  79 
  32 
  18 
  19 
  32 
  82 
 151 
 100 
  39 
  19 
  17 
  25 
  62 
 140 
 128 
  52 
  22 
  17 
  21 
  44 
 116 
 150 
  71 
  27 
  18 
  18 
  32 
  88 
 159 
  98 
  36 
  19 
  16 
  25 
  61 
 146 
 132 
  52 
  21 
  17 
  19 
  41 
 113 
 161 
  76 
  28 
  16 
  16 
  28 
  77 
 163 
 114 
  39 
  19 
  15 
  20 
  47 
 132 
 156 
  62 
  24 
  15 
  16 
  30 
  86 
 173 
 102 
  34 
  16 
  13 
  19 
  50 
 141 
 154 
  57 
  21 
  13 
  14 
  27 
  87 
 179 
 103 
  33 
  15 
  12 
  18 
  45 
 136 
 166 
  61 
  20 
  12 
  13 
  23 
 72 
 178 
 122 
  36 
  14 
  11 
  14 
  32 
 110 
 188 
  80 
  23 
  12 
  10 
  15 
  45 
 151 
 169 
  53 
  18 
  12 
   9 
  17 
  60 
 182 
 143 
  38 
  13 
   9 
   9 
  19 
  71 
 201 
 126 
  30 
  12 
   9 
   8 
  18 
  70 
 211 
 131 
  30 
  11 
   8 
   8 
  13 
  47 
 192 
 179 
  40 
  13 
   9 
   7 
   7 
  14 
  71 
 255 
 131 
  24 
   9 
   7 
   7 
   5 
   4 
   3 
   8 
  20 
  13 
  10 
  13 
  20 
  31 
  42 
  57 
  68 
  70 
  59 
  48 
  46 
  51 
  61 
  70 
  67 
  57 
  48 
  47 
  53 
  65 
  72 
  67 
  57 
  47 
  47 
  54 
  67 
  73 
  66 
  54 
  48 
  47 
  55 
  68 
  74 
  65 
  54 
  46 
  48 
  57 
  70 
  75 
  65 
  52 
  45 
  47 
  58 
  72 
  74 
  64 
  50 
  44 
  47 
  60 
  74 
  76 
  63 
  48 
  44 
  48 
  61 
  77 
  77 
  61 
  48 
  43 
  48 
  64 
  79 
  77 
  60 
  47 
  42 
  49 
  67 
  82 
  77 
  58 
  45 
  42 
  51 
  69 
  84 
  77 
  56 
  43 
  42 
  52 
  72 
  86 
  77 
  56 
  42 
  42 
  54 
  74 
  88 
  76 
  54 
  41 
  42 
  55 
  78 
  90 
  75 
  52 
  41 
  41 
  56 
  81 
  92 
  74 
  51 
  39 
  42 
  57 
  83 
  94 
  72 
  49 
  38 
  42 
  58 
  86 
  95 
  70 
  47 
  36 
  40 
  59 
  89 
  97 
  70 
  44 
  36 
  40 
  59 
  90 
  97 
  68 
  43 
  35 
  38 
  59 
  92 
  99 
  68 
  42 
  33 
  38 
  59 
  95 
 100 
  67 
  41 
  31 
  36 
  59 
  97 
 101 
  65 
  39 
  31 
  36 
  58 
  98 
 103 
  65 
  38 
  29 
  35 
  59 
 100 
 106 
  65 
  36 
  29 
  33 
  57 
 100 
 109 
  66 
  36 
  28 
  32 
  56 
 100 
 112 
  68 
  37 
  27 
  30 
  54 
 100 
 116 
  71 
  37 
  27 
  30 
  51 
  98 
 120 
  74 
  37 
  26 
  28 
  48 
  95 
 124 
  79 
  39 
  27 
  27 
  44 
  91 
 128 
  85 
  41 
  26 
  26 
  41 
  85 
 130 
  91 
  44 
  26 
  25 
  37 
  77 
 131 
 101 
  47 
  27 
  24 
  34 
  68 
 129 
 112 
  53 
  28 
  23 
  30 
  61 
 123 
 123 
  60 
  30 
  22 
  26 
  52 
 113 
 133 
  68 
  31 
  21 
  24 
  44 
 101 
 140 
  81 
  34 
  21 
  21 
  36 
  86 
 144 
  95 
  39 
  22 
  19 
  30 
  71 
 140 
 114 
  48 
  23 
  19 
  25 
  55 
 127 
 133 
  60 
  26 
  18 
  21 
  42 
 107 
 147 
  76 
  31 
  18 
  19 
  32 
  84 
 152 
  99 
  39 
  19 
  17 
  26 
  62 
 143 
 127 
  51 
  23 
  17 
  21 
  44 
 118 
 152 
  71 
  27 
  16 
  18 
  33 
  88 
 160 
  99 
  37 
  19 
  17 
  24 
  61 
 146 
 135 
  52 
  23 
  15 
  19 
  40 
 111 
 162 
  77 
  29 
  17 
  16 
  27 
  75 
 163 
 118 
  42 
  20 
  16 
  20 
  46 
 130 
 160 
  65 
  24 
  15 
  16 
  29 
  83 
 172 
 108 
  36 
  18 
  14 
  20 
  47 
 136 
 161 
  62 
  23 
  15 
  14 
  27 
  81 
 178 
 112 
  36 
  17 
  13 
  16 
  40 
 128 
 173 
  67 
  22 
  13 
  12 
  21 
  64 
 173 
 134 
  39 
  15 
  11 
  13 
  29 
  98 
 192 
  92 
  27 
  12 
  11 
  15 
  39 
 137 
 184 
  63 
  20 
  11 
  10 
  15 
  50 
 167 
 163 
  46 
  16 
   9 
   9 
  16 
  56 
 187 
 152 
  39 
  13 
   8 
   9 
  15 
  52 
 189 
 165 
  40 
  14 
   8 
   8 
  11 
  31 
 145 
 225 
  61 
  15 
   9 
   7 
   7 
   8 
  31 
 176 
 231 
  48 
  12 
   8 
   6 
   5 
   4 
   6 
  26 
 118 
 131 
  67 
  35 
  28 
  38 
  62 
  96 
  93 
  59 
  37 
  31 
  41 
  65 
  98 
  92 
  58 
  36 
  31 
  41 
  66 
  99 
  92 
  56 
  35 
  32 
  40 
  68 
 102 
  93 
  57 
  35 
  30 
  39 
  67 
 104 
  94 
  55 
  33 
  29 
  38 
  67 
 105 
  95 
  55 
  32 
  28 
  37 
  66 
 108 
  97 
  55 
  32 
  27 
  36 
  65 
 108 
 100 
  55 
  31 
  26 
  33 
  64 
 109 
 103 
  56 
  31 
  24 
  31 
  60 
 108 
 108 
  59 
  31 
  24 
  30 
  57 
 108 
 113 
  62 
  31 
  22 
  28 
  54 
 105 
 119 
  65 
  33 
  23 
  27 
  49 
 100 
 124 
  71 
  35 
  23 
  25 
  44 
  95 
 129 
  80 
  36 
  24 
  24 
  40 
  88 
 133 
  89 
  39 
  23 
  22 
  35 
  78 
 133 
  99 
  44 
  24 
  22 
  30 
  68 
 130 
 112 
  50 
  24 
  21 
  26 
  58 
 123 
 125 
  59 
  27 
  19 
  23 
  47 
 110 
 137 
  69 
  30 
  19 
  21 
  39 
  94 
 145 
  84 
  34 
  19 
  18 
  32 
  76 
 144 
 105 
  41 
  21 
  17 
  25 
  59 
 133 
 125 
  52 
  23 
  16 
  20 
  44 
 115 
 144 
  67 
  26 
  16 
  18 
  34 
  90 
 154 
  91 
  33 
  17 
  15 
  26 
  66 
 146 
 120 
  45 
  19 
  14 
  19 
  45 
 122 
 146 
  64 
  24 
  15 
  16 
  31 
  89 
 160 
  92 
  32 
  16 
  14 
  23 
  61 
 147 
 129 
  47 
  20 
  14 
  17 
  39 
 113 
 162 
  74 
  27 
  14 
  15 
  26 
  74 
 164 
 115 
  39 
  18 
  14 
  19 
  44 
 128 
 158 
  64 
  23 
  14 
  15 
  27 
  81 
 171 
 109 
  36 
  16 
  13 
  18 
  44 
 133 
 164 
  63 
  22 
  13 
  13 
  24 
  75 
 175 
 118 
  35 
  15 
  11 
  15 
  36 
 121 
 179 
  72 
  23 
  12 
  11 
  18 
  57 
 166 
 145 
  44 
  15 
  10 
  12 
  24 
  86 
 194 
 105 
  28 
  13 
  10 
  12 
  32 
 117 
 195 
  76 
  21 
  11 
   9 
  13 
  37 
 142 
 188 
  59 
  17 
   9 
   7 
  12 
  38 
 154 
 190 
  53 
  14 
   8 
   7 
  10 
  29 
 135 
 218 
  64 
  16 
   8 
   6 
   7 
  14 
  65 
 237 
 139 
  25 
   8 
   6 
   4 
   4 
   5 
  19 
 126 
 252 
  70 
  16 
   9 
   7 
  10 
  29 
 114 
 191 
  78 
  23 
  13 
  12 
  20 
  58 
 156 
 138 
  46 
  17 
  12 
  16 
  36 
 110 
 173 
  78 
  25 
  13 
  13 
  22 
  62 
 161 
 133 
  44 
  16 
  12 
  15 
  33 
 107 
 178 
  81 
  25 
  13 
  11 
  18 
  55 
 157 
 147 
  47 
  16 
  11 
  12 
  26 
  89 
 187 
 101 
  28 
  13 
   9 
  14 
  37 
 129 
 180 
  65 
  20 
  11 
  10 
  16 
  53 
 167 
 155 
  43 
  14 
   9 
   9 
  19 
  68 
 193 
 128 
  32 
  13 
   8 
   9 
  20 
  77 
 208 
 116 
  28 
  10 
   8 
   8 
  16 
  68 
 214 
 130 
  28 
   9 
   6 
   6 
   9 
  37 
 176 
 199 
  45 
  11 
   7 
   5 
   4 
   7 
  33 
 188 
 221 
  42 
   9 
   6 
   5 
   3 
   3 
   6 
  39 
 145 
 129 
  54 
  27 
  23 
  32 
  64 
 107 
  97 
  53 
  30 
  26 
  36 
  66 
 107 
  96 
  53 
  31 
  26 
  35 
  66 
 108 
  98 
  54 
  30 
  25 
  33 
  64 
 110 
 101 
  54 
  30 
  24 
  32 
  62 
 109 
 104 
  57 
  30 
  24 
  30 
  59 
 108 
 109 
  59 
  30 
  23 
  29 
  55 
 106 
 115 
  62 
  31 
  22 
  26 
  51 
 103 
 120 
  68 
  32 
  22 
  24 
  46 
  97 
 126 
  74 
  35 
  22 
  22 
  40 
  89 
 129 
  82 
  36 
  21 
  21 
  35 
  81 
 132 
  92 
  40 
  22 
  20 
  31 
  71 
 130 
 103 
  45 
  22 
  19 
  27 
  60 
 125 
 116 
  52 
  24 
  18 
  24 
  51 
 115 
 131 
  63 
  27 
  17 
  21 
  41 
 101 
 140 
  77 
  31 
  18 
  19 
  34 
  84 
 145 
  94 
  37 
  20 
  17 
  28 
  67 
 140 
 116 
  47 
  22 
  17 
  22 
  53 
 123 
 137 
  60 
  24 
  16 
  19 
  38 
 101 
 151 
  80 
  31 
  17 
  16 
  28 
  77 
 152 
 107 
  39 
  19 
  15 
  22 
  54 
 136 
 136 
  55 
  22 
  16 
  17 
  37 
 104 
 157 
  78 
  29 
  16 
  15 
  26 
  73 
 157 
 113 
  40 
  18 
  14 
  20 
  47 
 130 
 149 
  60 
  22 
  13 
  15 
  29 
  91 
 167 
  94 
  31 
  14 
  12 
  20 
  54 
 147 
 139 
  50 
  19 
  13 
  15 
  32 
 100 
 172 
  85 
  27 
  14 
  11 
  20 
  57 
 155 
 139 
  46 
  17 
  12 
  14 
  31 
  99 
 179 
  88 
  27 
  13 
  11 
  18 
  51 
 151 
 152 
  50 
  18 
  11 
  12 
  25 
  83 
 185 
 107 
  32 
  14 
  12 
  14 
  37 
 125 
 182 
  70 
  21 
  12 
  11 
  17 
  51 
 164 
 157 
  48 
  15 
  10 
  10 
  19 
  68 
 192 
 130 
  35 
  12 
   9 
  10 
  21 
  80 
 206 
 114 
  27 
  12 
   9 
   9 
  19 
  77 
 216 
 119 
  27 
  11 
   7 
   7 
  12 
  51 
 200 
 168 
  35 
  11 
   7 
   5 
   5 
  14 
  73 
 255 
 123 
  21 
   8 
   6 
   4 
   4 
   2 
   3 
  18 
  71 
  64 
  43 
  35 
  37 
  48 
  64 
  76 
  69 
  53 
  42 
  41 
  51 
  68 
  77 
  69 
  53 
  43 
  44 
  54 
  71 
  79 
  68 
  51 
  42 
  43 
  56 
  73 
  80 
  67 
  51 
  42 
  44 
  56 
  76 
  80 
  67 
  48 
  41 
  43 
  58 
  78 
  82 
  64 
  46 
  39 
  44 
  59 
  81 
  83 
  63 
  45 
  38 
  44 
  62 
  84 
  83 
  62 
  43 
  38 
  44 
  64 
  86 
  83 
  59 
  41 
  37 
  44 
  65 
  89 
  83 
  57 
  40 
  35 
  44 
  67 
  92 
  83 
  56 
  38 
  35 
  45 
  70 
  94 
  84 
  55 
  37 
  34 
  45 
  72 
  97 
  83 
  53 
  36 
  34 
  44 
  73 
  99 
  83 
  51 
  34 
  33 
  46 
  75 
 101 
  83 
  50 
  34 
  31 
  45 
  76 
 104 
  84 
  50 
  33 
  30 
  43 
  77 
 107 
  85 
  48 
  31 
  30 
  43 
  77 
 108 
  86 
  48 
  30 
  29 
  42 
  76 
 111 
  87 
  48 
  30 
  27 
  40 
  76 
 113 
  90 
  48 
  29 
  28 
  39 
  73 
 115 
  93 
  49 
  28 
  25 
  36 
  71 
 116 
  97 
  50 
  28 
  25 
  35 
  68 
 116 
 102 
  52 
  30 
  24 
  32 
  64 
 116 
 108 
  56 
  29 
  23 
  30 
  59 
 114 
 115 
  61 
  30 
  22 
  27 
  53 
 108 
 121 
  64 
  32 
  22 
  26 
  47 
 102 
 129 
  73 
  33 
  22 
  24 
  42 
  93 
 134 
  82 
  37 
  22 
  22 
  37 
  84 
 136 
  94 
  41 
  23 
  22 
  32 
  73 
 134 
 108 
  47 
  24 
  20 
  27 
  60 
 127 
 123 
  56 
  27 
  19 
  24 
  49 
 114 
 136 
  68 
  29 
  20 
  21 
  39 
  97 
 147 
  84 
  34 
  19 
  19 
  32 
  79 
 146 
 103 
  40 
  21 
  17 
  25 
  60 
 135 
 125 
  53 
  23 
  16 
  21 
  44 
 115 
 147 
  69 
  27 
  18 
  19 
  33 
  89 
 156 
  93 
  36 
  19 
  16 
  25 
  65 
 145 
 124 
  48 
  21 
  15 
  20 
  45 
 120 
 152 
  68 
  26 
  16 
  17 
  31 
  87 
 163 
  99 
  35 
  17 
  15 
  23 
  58 
 144 
 138 
  53 
  21 
  15 
  17 
  36 
 106 
 166 
  81 
  28 
  16 
  15 
  24 
  67 
 160 
 125 
  43 
  19 
  14 
  18 
  40 
 118 
 167 
  72 
  25 
  14 
  14 
  24 
  70 
 167 
 123 
  40 
  17 
  14 
  16 
  38 
 119 
 174 
  73 
  25 
  14 
  13 
  21 
  64 
 167 
 134 
  41 
  17 
  12 
  14 
  30 
 103 
 185 
  88 
  26 
  15 
  10 
  15 
  46 
 148 
 166 
  55 
  18 
  11 
  11 
  20 
  67 
 184 
 131 
  36 
  13 
  10 
  11 
  24 
  90 
 200 
 101 
  26 
  12 
   9 
  11 
  27 
 110 
 207 
  84 
  21 
  10 
   8 
  10 
  27 
 114 
 216 
  80 
  20 
  10 
   8 
   9 
  20 
  88 
 232 
 106 
  23 
  10 
   5 
   5 
   9 
  32 
 165 
 224 
  51 
  12 
   7 
   6 
   4 
   4 
   4 
  16 
 104 
 159 
  65 
  28 
  22 
  31 
  61 
 106 
  98 
  57 
  31 
  27 
  36 
  65 
 103 
  96 
  54 
  32 
  27 
  36 
  64 
 104 
  97 
  55 
  33 
  27 
  36 
  64 
 106 
 100 
  57 
  32 
  26 
  35 
  63 
 107 
 102 
  57 
  32 
  25 
  33 
  60 
 108 
 106 
  59 
  32 
  25 
  31 
  58 
 107 
 111 
  61 
  32 
  24 
  30 
  55 
 105 
 115 
  64 
  32 
  23 
  27 
  49 
 101 
 121 
  69 
  33 
  23 
  25 
  46 
  96 
 125 
  75 
  35 
  22 
  24 
  41 
  89 
 129 
  83 
  38 
  23 
  22 
  36 
  81 
 132 
  93 
  41 
  23 
  21 
  32 
  72 
 131 
 104 
  46 
  24 
  20 
  28 
  62 
 126 
 117 
  53 
  25 
  19 
  25 
  53 
 117 
 129 
  64 
  28 
  19 
  22 
  43 
 102 
 140 
  77 
  32 
  19 
  20 
  35 
  87 
 145 
  94 
  38 
  20 
  19 
  29 
  69 
 141 
 114 
  46 
  22 
  17 
  24 
  54 
 126 
 133 
  59 
  25 
  17 
  21 
  41 
 106 
 150 
  77 
  31 
  18 
  18 
  31 
  80 
 152 
 102 
  38 
  19 
  16 
  24 
  59 
 139 
 130 
  52 
  22 
  15 
  19 
  42 
 112 
 154 
  73 
  28 
  15 
  16 
  28 
  80 
 158 
 105 
  36 
  18 
  15 
  22 
  54 
 138 
 142 
  54 
  22 
  14 
  16 
  34 
 101 
 164 
  85 
  29 
  16 
  14 
  23 
  64 
 157 
 127 
  45 
  18 
  14 
  17 
  39 
 116 
 166 
  73 
  25 
  15 
  14 
  24 
  70 
 165 
 121 
  39 
  17 
  13 
  16 
  39 
 120 
 170 
  71 
  24 
  14 
  13 
  22 
  67 
 168 
 129 
  41 
  16 
  12 
  16 
  35 
 110 
 183 
  81 
  25 
  13 
  12 
  18 
  53 
 157 
 153 
  49 
  17 
  11 
  12 
  23 
  80 
 190 
 113 
  32 
  14 
  10 
  13 
  31 
 111 
 195 
  80 
  22 
  11 
   9 
  13 
  39 
 142 
 185 
  60 
  18 
   9 
   9 
  13 
  43 
 160 
 180 
  51 
  15 
   8 
   9 
  12 
  38 
 158 
 195 
  55 
  15 
   8 
   6 
   9 
  23 
 110 
 239 
  83 
  17 
   8 
   6 
   5 
   7 
  24 
 142 
 253 
  62 
  13 
   6 
   5 
   4 
   3 
   4 
  21 
 116 
 165 
  74 
  29 
  19 
  24 
  45 
  97 
 122 
  71 
  34 
  22 
  26 
  46 
  95 
 121 
  74 
  36 
  23 
  25 
  44 
  91 
 124 
  80 
  37 
  24 
  24 
  40 
  87 
 127 
  86 
  38 
  23 
  23 
  36 
  78 
 129 
  94 
  43 
  24 
  21 
  32 
  71 
 127 
 103 
  47 
  24 
  20 
  29 
  63 
 124 
 115 
  53 
  26 
  20 
  25 
  54 
 117 
 125 
  61 
  28 
  19 
  22 
  45 
 104 
 136 
  73 
  30 
  19 
  20 
  37 
  89 
 142 
  87 
  36 
  21 
  19 
  31 
  75 
 141 
 104 
  42 
  21 
  18 
  25 
  60 
 131 
 124 
  53 
  23 
  17 
  21 
  47 
 115 
 140 
  68 
  27 
  17 
  18 
  35 
  93 
 152 
  88 
  33 
  18 
  17 
  27 
  70 
 146 
 114 
  43 
  19 
  15 
  22 
  50 
 127 
 140 
  59 
  24 
  16 
  18 
  36 
  98 
 157 
  84 
  30 
  16 
  15 
  26 
  69 
 153 
 117 
  43 
  19 
  14 
  19 
  45 
 125 
 149 
  63 
  23 
  14 
  16 
  31 
  89 
 164 
  95 
  33 
  16 
  13 
  21 
  56 
 145 
 139 
  51 
  20 
  13 
  16 
  33 
 101 
 169 
  83 
  28 
  14 
  13 
  21 
  60 
 156 
 133 
  45 
  18 
  12 
  14 
  33 
 107 
 173 
  82 
  25 
  13 
  12 
  19 
  58 
 158 
 140 
  44 
  17 
  11 
  13 
  30 
  96 
 182 
  91 
  28 
  13 
  11 
  17 
  45 
 144 
 163 
  56 
  18 
  11 
  11 
  21 
  70 
 182 
 124 
  35 
  14 
  10 
  11 
  27 
 100 
 195 
  89 
  24 
  11 
  10 
  12 
  35 
 131 
 190 
  66 
  19 
   9 
   8 
  12 
  40 
 151 
 184 
  54 
  15 
   9 
   9 
  11 
  37 
 153 
 195 
  55 
  15 
   9 
   6 
   8 
  24 
 116 
 233 
  78 
  17 
   8 
   6 
   6 
   8 
  34 
 179 
 220 
  46 
  11 
   8 
   6 
   4 
   4 
   3 
   7 
  39 
  72 
  46 
  34 
  31 
  38 
  53 
  74 
  80 
  65 
  46 
  38 
  41 
  56 
  76 
  80 
  63 
  46 
  39 
  44 
  60 
  79 
  82 
  62 
  45 
  38 
  44 
  62 
  82 
  81 
  61 
  43 
  38 
  45 
  63 
  85 
  81 
  59 
  41 
  37 
  45 
  66 
  88 
  82 
  57 
  40 
  37 
  46 
  68 
  90 
  81 
  55 
  39 
  36 
  45 
  70 
  93 
  81 
  53 
  38 
  35 
  46 
  72 
  95 
  81 
  52 
  36 
  35 
  46 
  74 
  98 
  81 
  50 
  34 
  34 
  46 
  76 
 100 
  81 
  50 
  34 
  34 
  46 
  77 
 102 
  82 
  48 
  33 
  32 
  46 
  79 
 105 
  82 
  47 
  32 
  31 
  45 
  79 
 107 
  83 
  47 
  31 
  30 
  44 
  80 
 111 
  86 
  47 
  31 
  30 
  44 
  80 
 113 
  87 
  47 
  29 
  29 
  43 
  79 
 115 
  89 
  47 
  29 
  27 
  40 
  78 
 117 
  91 
  48 
  28 
  26 
  39 
  75 
 118 
  97 
  49 
  28 
  25 
  35 
  70 
 119 
 101 
  51 
  29 
  24 
  33 
  65 
 118 
 107 
  55 
  28 
  23 
  30 
  61 
 114 
 114 
  59 
  29 
  22 
  28 
  54 
 110 
 122 
  64 
  32 
  22 
  26 
  48 
 104 
 128 
  72 
  33 
  22 
  23 
  41 
  94 
 134 
  81 
  35 
  21 
  22 
  36 
  83 
 136 
  93 
  40 
  22 
  20 
  32 
  71 
 135 
 107 
  46 
  23 
  20 
  27 
  59 
 127 
 122 
  56 
  25 
  19 
  24 
  49 
 115 
 137 
  68 
  28 
  18 
  21 
  39 
  96 
 146 
  84 
  34 
  19 
  19 
  32 
  77 
 146 
 106 
  41 
  21 
  17 
  25 
  59 
 135 
 128 
  54 
  24 
  17 
  21 
  44 
 113 
 148 
  72 
  28 
  18 
  19 
  33 
  88 
 156 
  97 
  36 
  19 
  16 
  25 
  63 
 144 
 127 
  50 
  22 
  16 
  20 
  43 
 117 
 153 
  71 
  27 
  16 
  16 
  29 
  83 
 160 
 102 
  36 
  17 
  15 
  22 
  55 
 140 
 140 
  54 
  22 
  14 
  16 
  34 
 101 
 166 
  85 
  29 
  15 
  14 
  23 
  63 
 155 
 129 
  45 
  18 
  14 
  17 
  37 
 112 
 169 
  76 
  26 
  13 
  14 
  23 
  67 
 163 
 127 
  41 
  17 
  13 
  16 
  35 
 113 
 175 
  77 
  25 
  13 
  12 
  20 
  60 
 163 
 140 
  46 
  18 
  12 
  14 
  29 
  98 
 185 
  93 
  27 
  14 
  12 
  17 
  43 
 142 
 171 
  59 
  19 
  12 
  12 
  20 
  63 
 179 
 136 
  38 
  15 
  11 
  11 
  24 
  87 
 200 
 106 
  27 
  13 
   9 
  11 
  27 
 105 
 207 
  86 
  23 
  11 
   8 
  11 
  27 
 111 
 215 
  82 
  21 
  10 
   9 
   9 
  20 
  90 
 230 
 103 
  24 
  10 
   8 
   7 
  10 
  38 
 182 
 206 
  45 
  12 
   7 
   5 
   5 
   4 
  10 
  58 
 246 
 138 
  27 
  10 
   8 
   9 
  22 
  84 
 189 
 105 
  29 
  14 
  10 
  17 
  43 
 132 
 157 
  60 
  22 
  13 
  14 
  28 
  87 
 171 
  99 
  32 
  15 
  13 
  19 
  50 
 142 
 150 
  54 
  19 
  12 
  13 
  29 
  89 
 177 
  97 
  30 
  14 
  12 
  17 
  48 
 142 
 158 
  56 
  19 
  12 
  12 
  25 
  78 
 180 
 112 
  34 
  15 
  11 
  15 
  37 
 122 
 181 
  71 
  22 
  12 
  11 
  18 
  55 
 166 
 151 
  46 
  16 
  11 
  11 
  22 
  77 
 193 
 116 
  31 
  12 
   9 
  11 
  26 
 100 
 203 
  91 
  24 
  10 
   9 
  11 
  28 
 114 
 210 
  80 
  21 
  10 
   8 
   9 
  25 
 106 
 223 
  86 
  20 
   9 
   7 
   6 
  14 
  65 
 226 
 139 
  26 
  10 
   6 
   6 
   5 
  13 
  74 
 255 
 123 
  20 
   8 
   5 
   4 
   3 
   3 
  13 
  85 
 191 
  99 
  32 
  16 
  16 
  30 
  75 
 137 
  98 
  41 
  21 
  19 
  29 
  68 
 131 
 108 
  48 
  23 
  19 
  27 
  59 
 123 
 120 
  55 
  25 
  18 
  23 
  50 
 113 
 132 
  66 
  28 
  19 
  21 
  41 
  97 
 141 
  79 
  32 
  19 
  19 
  33 
  83 
 144 
  97 
  38 
  20 
  17 
  27 
  64 
 137 
 117 
  48 
  22 
  16 
  22 
  50 
 122 
 137 
  62 
  25 
  17 
  19 
  37 
  98 
 151 
  82 
  31 
  18 
  17 
  28 
  75 
 151 
 109 
  41 
  19 
  16 
  23 
  54 
 132 
 137 
  56 
  23 
  16 
  19 
  37 
 104 
 157 
  80 
  29 
  16 
  16 
  27 
  72 
 155 
 113 
  40 
  18 
  14 
  20 
  47 
 129 
 149 
  61 
  23 
  14 
  15 
  31 
  91 
 166 
  94 
  32 
  15 
  14 
  21 
  57 
 147 
 138 
  50 
  20 
  12 
  15 
  33 
 103 
 170 
  84 
  28 
  15 
  13 
  21 
  59 
 156 
 136 
  45 
  18 
  13 
  15 
  33 
 104 
 177 
  84 
  26 
  14 
  12 
  19 
  55 
 155 
 146 
  48 
  18 
  11 
  14 
  28 
  91 
 184 
  98 
  29 
  13 
  10 
  15 
  40 
 136 
 172 
  61 
  19 
  11 
  11 
  19 
  62 
 176 
 138 
  39 
  15 
  11 
  12 
  23 
  86 
 197 
 105 
  28 
  12 
  10 
  13 
  29 
 109 
 203 
  84 
  22 
  11 
   9 
  12 
  29 
 120 
 209 
  76 
  19 
  10 
   8 
   9 
  25 
 107 
 225 
  86 
  20 
   9 
   7 
   7 
  14 
  58 
 222 
 153 
  31 
  10 
   7 
   5 
   5 
   8 
  41 
 219 
 193 
  34 
  10 
   6 
   5 
   4 
   4 
  11 
  70 
 184 
 111 
  36 
  18 
  18 
  30 
  69 
 131 
 104 
  44 
  22 
  20 
  29 
  65 
 126 
 111 
  51 
  25 
  20 
  26 
  57 
 120 
 122 
  59 
  26 
  19 
  23 
  48 
 109 
 132 
  68 
  30 
  19 
  22 
  40 
  96 
 139 
  82 
  33 
  20 
  19 
  34 
  81 
 142 
  96 
  39 
  21 
  18 
  27 
  66 
 137 
 116 
  49 
  23 
  18 
  23 
  52 
 123 
 134 
  61 
  26 
  17 
  19 
  40 
 103 
 148 
  80 
  31 
  18 
  18 
  31 
  80 
 150 
 102 
  39 
  20 
  15 
  24 
  59 
 138 
 129 
  51 
  22 
  16 
  19 
  42 
 112 
 152 
  72 
  27 
  16 
  17 
  29 
  82 
 158 
 102 
  36 
  17 
  15 
  22 
  55 
 140 
 137 
  53 
  22 
  15 
  17 
  37 
 106 
 162 
  80 
  28 
  15 
  14 
  25 
  69 
 158 
 119 
  41 
  17 
  13 
  18 
  42 
 123 
 159 
  66 
  23 
  14 
  14 
  26 
  78 
 168 
 110 
  36 
  15 
  12 
  18 
  44 
 132 
 159 
  61 
  22 
  14 
  13 
  25 
  78 
 174 
 112 
  35 
  15 
  12 
  15 
  40 
 128 
 170 
  65 
  21 
  12 
  12 
  21 
  65 
 172 
 129 
  39 
  15 
  11 
  13 
  30 
 104 
 187 
  85 
  25 
  12 
  10 
  15 
  43 
 145 
 170 
  56 
  18 
  11 
  10 
  18 
  60 
 180 
 142 
  39 
  14 
   9 
  10 
  21 
  75 
 200 
 119 
  30 
  12 
   9 
   9 
  21 
  82 
 212 
 111 
  26 
  11 
   8 
   7 
  17 
  70 
 217 
 130 
  28 
  10 
   8 
   6 
  10 
  35 
 165 
 214 
  51 
  12 
   7 
   5 
   5 
   6 
  20 
 126 
 255 
  71 
  15 
   7 
   5 
   4 
   4 
   8 
  46 
 170 
 145 
  46 
  18 
  14 
  21 
  48 
 120 
 136 
  60 
  26 
  17 
  20 
  41 
 106 
 143 
  72 
  29 
  18 
  18 
  34 
  87 
 146 
  92 
  35 
  18 
  17 
  27 
  68 
 141 
 114 
  45 
  21 
  17 
  22 
  51 
 125 
 135 
  59 
  24 
  16 
  19 
  39 
 102 
 152 
  80 
  30 
  17 
  16 
  28 
  76 
 152 
 107 
  40 
  19 
  15 
  22 
  53 
 134 
 138 
  56 
  22 
  14 
  19 
  36 
 103 
 160 
  80 
  29 
  16 
  15 
  26 
  71 
 156 
 117 
  41 
  18 
  14 
  19 
  44 
 126 
 153 
  63 
  24 
  14 
  15 
  29 
  86 
 167 
 100 
  34 
  15 
  14 
  20 
  52 
 141 
 148 
  55 
  21 
  14 
  15 
  30 
  92 
 173 
  94 
  30 
  15 
  12 
  19 
  51 
 147 
 150 
  53 
  19 
  12 
  14 
  28 
  89 
 180 
  99 
  30 
  14 
  11 
  16 
  44 
 139 
 165 
  59 
  21 
  11 
  12 
  22 
  71 
 179 
 123 
  36 
  14 
  10 
  12 
  31 
 106 
 191 
  84 
  24 
  12 
   9 
  14 
  41 
 145 
 177 
  57 
  17 
  10 
  10 
  16 
  54 
 174 
 155 
  42 
  14 
   9 
   9 
  16 
  60 
 191 
 145 
  36 
  13 
   9 
   8 
  14 
  55 
 194 
 157 
  37 
  12 
   8 
   7 
   9 
  33 
 152 
 217 
  55 
  14 
   7 
   5 
   5 
   8 
  36 
 193 
 212 
  41 
  11 
   7 
   5 
   4 
   3 
   6 
  34 
 154 
 151 
  55 
  22 
  17 
  24 
  52 
 112 
 121 
  61 
  28 
  21 
  25 
  51 
 107 
 124 
  66 
  31 
  21 
  24 
  44 
 100 
 130 
  74 
  34 
  21 
  22 
  39 
  91 
 133 
  84 
  36 
  21 
  21 
  34 
  79 
 136 
  95 
  42 
  22 
  19 
  29 
  67 
 132 
 111 
  47 
  23 
  18 
  25 
  56 
 122 
 125 
  57 
  25 
  18 
  22 
  45 
 109 
 138 
  70 
  29 
  18 
  18 
  35 
  91 
 146 
  88 
  35 
  19 
  18 
  29 
  72 
 143 
 109 
  43 
  20 
  16 
  23 
  55 
 130 
 132 
  56 
  24 
  16 
  19 
  40 
 107 
 150 
  75 
  28 
  16 
  17 
  30 
  81 
 155 
 101 
  37 
  18 
  15 
  24 
  57 
 138 
 132 
  53 
  22 
  15 
  18 
  38 
 109 
 157 
  75 
  28 
  16 
  15 
  27 
  76 
 159 
 111 
  38 
  18 
  14 
  20 
  49 
 132 
 149 
  59 
  22 
  14 
  15 
  31 
  92 
 168 
  93 
  31 
  15 
  13 
  21 
  57 
 149 
 140 
  51 
  20 
  13 
  15 
  33 
 101 
 172 
  86 
  27 
  15 
  13 
  20 
  57 
 155 
 140 
  47 
  18 
  12 
  14 
  30 
  98 
 179 
  89 
  27 
  14 
  11 
  17 
  49 
 148 
 155 
  52 
  17 
  11 
  11 
  24 
  80 
 184 
 111 
  33 
  14 
  11 
  14 
  34 
 120 
 186 
  73 
  22 
  12 
  10 
  16 
  48 
 159 
 162 
  49 
  16 
  10 
  10 
  18 
  64 
 187 
 137 
  36 
  14 
   9 
  10 
  20 
  74 
 204 
 122 
  29 
  11 
   9 
   8 
  17 
  70 
 212 
 130 
  29 
  12 
   8 
   7 
  12 
  45 
 189 
 182 
  40 
  12 
   8 
   6 
   5 
  13 
  64 
 250 
 141 
  24 
   9 
   7 
   5 
   4 
   4 
   4 
  26 
 103 
 106 
  59 
  35 
  31 
  42 
  67 
  91 
  80 
  53 
  37 
  35 
  46 
  72 
  93 
  79 
  52 
  37 
  36 
  48 
  74 
  95 
  78 
  50 
  36 
  36 
  49 
  77 
  96 
  78 
  49 
  34 
  35 
  48 
  78 
  98 
  77 
  47 
  33 
  34 
  49 
  80 
 101 
  76 
  44 
  32 
  33 
  49 
  83 
 103 
  76 
  45 
  32 
  32 
  49 
  85 
 104 
  78 
  43 
  30 
  31 
  47 
  85 
 108 
  77 
  43 
  30 
  31 
  47 
  85 
 110 
  79 
  42 
  28 
  29 
  46 
  85 
 113 
  80 
  42 
  29 
  28 
  44 
  84 
 116 
  83 
  42 
  28 
  27 
  42 
  83 
 119 
  87 
  44 
  28 
  27 
  40 
  79 
 121 
  91 
  46 
  28 
  26 
  37 
  75 
 122 
  97 
  48 
  27 
  24 
  35 
  71 
 121 
 103 
  51 
  28 
  24 
  32 
  64 
 119 
 111 
  55 
  28 
  22 
  29 
  58 
 115 
 120 
  60 
  31 
  22 
  25 
  50 
 108 
 127 
  68 
  31 
  21 
  24 
  45 
 100 
 133 
  78 
  34 
  21 
  22 
  37 
  87 
 138 
  89 
  38 
  22 
  20 
  32 
  75 
 137 
 104 
  45 
  23 
  19 
  26 
  61 
 129 
 120 
  53 
  24 
  17 
  23 
  49 
 116 
 135 
  64 
  27 
  18 
  20 
  39 
  98 
 147 
  82 
  33 
  18 
  17 
  31 
  78 
 147 
 104 
  41 
  20 
  17 
  25 
  59 
 135 
 128 
  52 
  23 
  16 
  20 
  43 
 113 
 149 
  70 
  28 
  17 
  18 
  32 
  86 
 156 
  98 
  36 
  19 
  16 
  24 
  60 
 143 
 130 
  50 
  21 
  17 
  19 
  42 
 115 
 156 
  73 
  26 
  16 
  16 
  28 
  80 
 160 
 108 
  38 
  18 
  15 
  21 
  52 
 137 
 147 
  58 
  22 
  13 
  16 
  32 
  95 
 169 
  91 
  30 
  16 
  14 
  21 
  57 
 151 
 139 
  49 
  19 
  13 
  15 
  32 
 102 
 174 
  86 
  29 
  15 
  12 
  21 
  57 
 156 
 141 
  49 
  18 
  13 
  15 
  30 
  97 
 181 
  91 
  28 
  14 
  12 
  17 
  48 
 146 
 159 
  54 
  18 
  12 
  12 
  23 
  76 
 184 
 116 
  34 
  14 
  10 
  13 
  33 
 114 
 190 
  79 
  24 
  12 
  10 
  15 
  44 
 150 
 174 
  55 
  17 
  11 
  10 
  17 
  56 
 179 
 153 
  41 
  14 
  10 
   9 
  17 
  60 
 194 
 146 
  37 
  14 
   9 
   8 
  14 
  52 
 192 
 165 
  39 
  13 
   8 
   7 
  10 
  28 
 135 
 235 
  67 
  16 
   9 
   8 
   6 
   7 
  20 
 125 
 255 
  73 
  14 
   7 
   5 
   3 
   4 
   6 
  30 
 141 
 161 
  62 
  24 
  18 
  24 
  49 
 107 
 126 
  67 
  31 
  22 
  24 
  46 
 101 
 127 
  72 
  33 
  21 
  23 
  43 
  93 
 131 
  81 
  35 
  22 
  22 
  37 
  84 
 134 
  90 
  40 
  23 
  20 
  33 
  74 
 134 
 103 
  45 
  23 
  20 
  28 
  64 
 128 
 116 
  52 
  24 
  19 
  25 
  52 
 118 
 131 
  62 
  28 
  18 
  22 
  42 
 103 
 140 
  75 
  31 
  19 
  19 
  34 
  86 
 145 
  94 
  38 
  20 
  18 
  27 
  67 
 140 
 115 
  46 
  22 
  16 
  22 
  51 
 125 
 136 
  61 
  25 
  17 
  20 
  39 
 102 
 152 
  81 
  31 
  18 
  17 
  29 
  76 
 152 
 108 
  39 
  20 
  17 
  23 
  56 
 134 
 137 
  56 
  24 
  16 
  19 
  37 
 104 
 159 
  80 
  29 
  16 
  15 
  26 
  72 
 156 
 115 
  40 
  18 
  14 
  19 
  47 
 129 
 150 
  62 
  23 
  14 
  15 
  30 
  88 
 167 
  96 
  32 
  16 
  14 
  21 
  54 
 145 
 143 
  52 
  19 
  12 
  13 
  30 
  97 
 171 
  88 
  28 
  14 
  12 
  19 
  55 
 151 
 144 
  49 
  17 
  12 
  14 
  29 
  94 
 178 
  91 
  28 
  13 
  11 
  17 
  49 
 146 
 157 
  54 
  18 
  11 
  12 
  23 
  78 
 182 
 112 
  32 
  14 
  10 
  14 
  33 
 117 
 185 
  74 
  22 
  12 
  10 
  15 
  47 
 156 
 164 
  50 
  16 
  10 
  11 
  19 
  63 
 186 
 138 
  36 
  13 
   9 
   9 
  20 
  74 
 203 
 123 
  30 
  11 
   9 
   9 
  18 
  71 
 213 
 128 
  30 
  10 
   8 
   8 
  13 
  47 
 193 
 176 
  40 
  12 
   7 
   6 
   6 
  14 
  72 
 255 
 128 
  23 
   9 
   6 
   5 
   4 
   3 
   3 
  13 
  57 
  53 
  34 
  29 
  33 
  42 
  61 
  78 
  75 
  56 
  41 
  38 
  46 
  64 
  80 
  75 
  56 
  42 
  39 
  48 
  66 
  83 
  74 
  55 
  41 
  40 
  49 
  70 
  84 
  73 
  53 
  40 
  39 
  51 
  72 
  86 
  72 
  51 
  39 
  38 
  51 
  74 
  89 
  72 
  49 
  38 
  38 
  53 
  78 
  89 
  71 
  47 
  35 
  38 
  54 
  80 
  92 
  70 
  46 
  35 
  38 
  56 
  84 
  94 
  69 
  43 
  34 
  37 
  56 
  87 
  95 
  68 
  43 
  33 
  36 
  57 
  89 
  97 
  67 
  42 
  33 
  37 
  57 
  92 
  99 
  67 
  41 
  32 
  36 
  57 
  93 
 100 
  67 
  39 
  31 
  36 
  58 
  96 
 103 
  66 
  39 
  31 
  35 
  58 
  97 
 105 
  67 
  38 
  29 
  33 
  57 
  98 
 107 
  67 
  37 
  28 
  34 
  56 
  99 
 112 
  69 
  38 
  27 
  32 
  53 
  98 
 114 
  71 
  37 
  27 
  29 
  51 
  97 
 118 
  73 
  37 
  27 
  28 
  48 
  94 
 123 
  78 
  39 
  25 
  27 
  45 
  91 
 125 
  83 
  40 
  25 
  25 
  40 
  86 
 128 
  89 
  42 
  25 
  24 
  36 
  78 
 128 
  97 
  46 
  25 
  23 
  33 
  71 
 127 
 106 
  49 
  27 
  22 
  31 
  63 
 124 
 117 
  56 
  27 
  22 
  27 
  55 
 116 
 128 
  64 
  30 
  21 
  25 
  46 
 105 
 137 
  75 
  33 
  21 
  22 
  39 
  91 
 142 
  89 
  37 
  21 
  21 
  32 
  76 
 142 
 107 
  45 
  23 
  19 
  27 
  61 
 132 
 125 
  55 
  25 
  18 
  23 
  48 
 116 
 143 
  69 
  29 
  19 
  21 
  38 
  95 
 151 
  89 
  36 
  20 
  19 
  29 
  73 
 148 
 115 
  44 
  21 
  17 
  24 
  54 
 130 
 139 
  60 
  25 
  17 
  19 
  38 
 102 
 158 
  84 
  32 
  17 
  17 
  27 
  73 
 154 
 115 
  41 
  19 
  16 
  20 
  48 
 129 
 150 
  62 
  24 
  15 
  18 
  32 
  92 
 165 
  94 
  32 
  18 
  14 
  23 
  59 
 148 
 136 
  50 
  20 
  14 
  16 
  36 
 106 
 168 
  81 
  27 
  15 
  14 
  22 
  64 
 160 
 130 
  43 
  18 
  14 
  16 
  36 
 112 
 174 
  78 
  25 
  15 
  13 
  21 
  61 
 162 
 137 
  45 
  18 
  12 
  14 
  31 
 102 
 182 
  87 
  27 
  14 
  12 
  18 
  49 
 150 
 160 
  54 
  19 
  12 
  12 
  23 
  74 
 185 
 120 
  34 
  14 
  11 
  13 
  30 
 106 
 196 
  85 
  25 
  12 
  11 
  14 
  38 
 137 
 190 
  64 
  19 
  10 
  10 
  14 
  41 
 156 
 183 
  53 
  16 
   9 
   9 
  11 
  38 
 157 
 194 
  54 
  15 
   9 
   7 
  10 
  24 
 116 
 235 
  79 
  17 
   9 
   6 
   5 
   8 
  30 
 165 
 233 
  49 
  12 
   7 
   5 
   4 
   3 
   2 
  10 
  59 
 102 
  68 
  42 
  34 
  39 
  58 
  79 
  81 
  61 
  44 
  38 
  43 
  61 
  81 
  81 
  61 
  43 
  38 
  46 
  64 
  84 
  81 
  58 
  42 
  38 
  46 
  66 
  86 
  81 
  57 
  43 
  38 
  47 
  69 
  89 
  80 
  56 
  38 
  36 
  47 
  71 
  91 
  80 
  54 
  39 
  35 
  47 
  73 
  94 
  80 
  52 
  37 
  36 
  49 
  75 
  97 
  79 
  51 
  36 
  36 
  48 
  78 
  99 
  78 
  49 
  35 
  35 
  49 
  79 
 101 
  78 
  48 
  33 
  35 
  48 
  81 
 104 
  78 
  46 
  33 
  32 
  48 
  83 
 106 
  78 
  45 
  32 
  32 
  47 
  83 
 109 
  80 
  45 
  30 
  31 
  46 
  84 
 111 
  81 
  44 
  30 
  30 
  45 
  84 
 113 
  83 
  44 
  29 
  29 
  44 
  82 
 116 
  85 
  44 
  28 
  27 
  42 
  80 
 119 
  89 
  45 
  28 
  26 
  39 
  77 
 121 
  93 
  47 
  28 
  25 
  37 
  73 
 121 
  99 
  49 
  27 
  25 
  34 
  69 
 121 
 106 
  52 
  29 
  23 
  30 
  62 
 118 
 113 
  57 
  29 
  22 
  29 
  56 
 114 
 121 
  63 
  31 
  23 
  26 
  50 
 107 
 129 
  70 
  32 
  22 
  24 
  43 
  97 
 135 
  80 
  35 
  21 
  21 
  37 
  86 
 139 
  92 
  40 
  22 
  21 
  31 
  73 
 137 
 107 
  45 
  23 
  19 
  26 
  60 
 128 
 125 
  55 
  25 
  18 
  23 
  48 
 114 
 139 
  70 
  29 
  19 
  20 
  37 
  95 
 148 
  86 
  34 
  19 
  18 
  30 
  75 
 147 
 109 
  43 
  20 
  17 
  23 
  56 
 132 
 133 
  55 
  24 
  16 
  20 
  41 
 107 
 152 
  76 
  29 
  17 
  17 
  30 
  80 
 155 
 104 
  37 
  18 
  15 
  22 
  56 
 138 
 136 
  54 
  22 
  16 
  18 
  38 
 106 
 160 
  80 
  29 
  15 
  15 
  26 
  72 
 158 
 117 
  41 
  18 
  14 
  19 
  46 
 128 
 155 
  64 
  24 
  15 
  15 
  29 
  85 
 169 
 104 
  33 
  16 
  14 
  20 
  49 
 139 
 152 
  58 
  21 
  13 
  14 
  28 
  88 
 175 
 100 
  31 
  15 
  12 
  18 
  46 
 140 
 160 
  57 
  20 
  13 
  13 
  25 
  78 
 179 
 112 
  32 
  14 
  11 
  14 
  36 
 122 
 179 
  70 
  22 
  12 
  11 
  18 
  56 
 165 
 148 
  44 
  16 
  10 
  11 
  22 
  78 
 193 
 113 
  30 
  13 
  10 
  11 
  27 
 104 
 203 
  88 
  23 
  10 
   8 
  11 
  30 
 119 
 207 
  75 
  20 
  10 
   8 
  10 
  26 
 116 
 220 
  80 
  19 
   9 
   8 
   8 
  17 
  74 
 234 
 124 
  25 
   9 
   6 
   5 
   6 
  16 
  95 
 255 
  96 
  18 
   8 
   5 
   5 
   3 
   3 
   9 
  59 
 137 
  94 
  45 
  29 
  31 
  47 
  79 
  97 
  73 
  44 
  32 
  35 
  52 
  83 
  97 
  72 
  44 
  33 
  35 
  53 
  86 
  99 
  71 
  43 
  32 
  34 
  54 
  87 
 100 
  69 
  42 
  31 
  34 
  54 
  89 
 101 
  70 
  41 
  30 
  33 
  53 
  90 
 104 
  69 
  39 
  28 
  32 
  52 
  91 
 106 
  70 
  39 
  29 
  32 
  52 
  92 
 110 
  71 
  38 
  27 
  30 
  50 
  93 
 112 
  73 
  38 
  26 
  28 
  47 
  91 
 116 
  74 
  38 
  26 
  28 
  45 
  89 
 119 
  79 
  40 
  26 
  26 
  43 
  86 
 122 
  83 
  41 
  25 
  25 
  39 
  81 
 124 
  89 
  43 
  25 
  24 
  36 
  77 
 125 
  97 
  47 
  25 
  23 
  33 
  70 
 125 
 104 
  50 
  25 
  22 
  30 
  62 
 122 
 115 
  56 
  28 
  21 
  27 
  55 
 117 
 125 
  62 
  29 
  20 
  24 
  47 
 105 
 134 
  73 
  32 
  21 
  22 
  39 
  93 
 140 
  85 
  36 
  21 
  20 
  34 
  79 
 140 
 101 
  42 
  22 
  19 
  27 
  64 
 134 
 119 
  50 
  23 
  18 
  23 
  50 
 119 
 136 
  64 
  26 
  17 
  20 
  39 
 100 
 148 
  81 
  31 
  18 
  18 
  30 
  78 
 150 
 105 
  40 
  20 
  16 
  23 
  57 
 135 
 130 
  53 
  22 
  16 
  19 
  41 
 110 
 153 
  75 
  29 
  16 
  17 
  29 
  80 
 157 
 103 
  37 
  18 
  14 
  21 
  54 
 138 
 138 
  55 
  22 
  15 
  17 
  36 
 103 
 163 
  81 
  29 
  15 
  14 
  24 
  67 
 158 
 123 
  43 
  17 
  13 
  18 
  42 
 121 
 161 
  69 
  24 
  14 
  14 
  25 
  75 
 167 
 114 
  36 
  16 
  12 
  17 
  43 
 128 
 164 
  65 
  23 
  12 
  13 
  24 
  73 
 173 
 118 
  36 
  15 
  11 
  15 
  37 
 120 
 176 
  71 
  24 
  13 
  11 
  20 
  59 
 166 
 141 
  43 
  15 
  10 
  11 
  25 
  91 
 191 
  98 
  27 
  13 
  10 
  13 
  36 
 128 
 187 
  67 
  21 
  10 
   9 
  15 
  45 
 159 
 169 
  50 
  15 
   9 
   9 
  16 
  53 
 179 
 160 
  41 
  13 
   8 
   8 
  14 
  48 
 181 
 171 
  42 
  13 
   8 
   7 
  10 
  29 
 138 
 225 
  63 
  14 
   7 
   5 
   5 
   8 
  33 
 183 
 221 
  44 
  10 
   7 
   5 
   4 
   3 
   3 
  16 
  81 
 106 
  65 
  41 
  34 
  42 
  61 
  82 
  78 
  58 
  42 
  37 
  46 
  64 
  84 
  78 
  57 
  42 
  38 
  47 
  68 
  86 
  77 
  56 
  41 
  39 
  49 
  71 
  89 
  77 
  54 
  39 
  38 
  48 
  73 
  91 
  76 
  51 
  38 
  37 
  50 
  75 
  92 
  76 
  50 
  36 
  36 
  51 
  78 
  95 
  75 
  48 
  35 
  35 
  51 
  80 